259,590
259,589
259,588
259,587
259,586
259,585
259,584
259,583
259,582
259,581
259,580
259,579
259,578
259,577
259,576
259,575
259,574
259,573
259,572
259,571
259,570
259,569
259,568
259,567
259,566
259,565
259,564
259,563
259,562
259,561
259,560
259,559
259,558
259,557
259,556
259,555
259,554
259,553
259,552
259,551
259,550
259,549
259,548
259,547
259,546
259,545
259,544
259,543
259,542
259,541
259,540
259,539
18,1
259,538
259,537
259,536
259,535
259,534
259,533
259,532
259,531
259,530
259,529
259,528
259,527
259,526
259,525
259,524
259,523
18,3
14,1
259,522
259,521
259,520
259,519
259,518
259,517
259,516
259,515
259,514
259,513
259,512
259,511
259,510
259,509
259,508
259,507
259,506
259,505
259,504
259,503
259,502
259,501
259,500
259,499
259,498
259,497
259,496
259,495
259,494
259,493
259,492
259,491
259,490
259,489
259,488
259,487
259,486
259,485
259,484
259,483
14,6
259,482
14,3
259,481
259,480
259,479
259,478
259,477
13,1
259,476
259,475
259,474
259,473
259,472
259,471
259,470
259,469
259,468
259,467
13,3
259,466
259,465
259,464
259,463
259,462
259,461
259,460
259,459
259,458
259,457
259,456
259,455
259,454
259,453
259,452
259,451
259,450
259,449
259,448
259,447
259,446
259,445
259,444
259,443
259,442
259,441
259,440
259,439
259,438
259,437
259,436
259,435
259,434
259,433
259,432
259,431
259,430
259,429
259,428
259,427
259,426
259,425
259,424
259,423
259,422
259,421
259,420
259,419
259,418
259,417
259,416
259,415
259,414
259,413
259,412
259,411
259,410
259,409
259,408
259,407
259,406
259,405
259,404
259,403
259,1
2,2
2,1
259,402
103,1
103,39
0,574
0,568
0,567
0,566
0,561
0,558
2,3
0,557
0,548
0,539
0,529
0,518
0,0
260,34
260,33
260,32
260,31
260,30
260,29
260,28
260,27
260,26
260,25
260,24
260,23
260,22
260,21
260,20
260,19
260,18
260,17
260,16
260,15
260,14
260,13
260,12
260,11
260,10
260,9
260,8
260,7
260,6
260,5
260,4
260,3
260,2
260,0
0,546
0,276
0,275
0,272
0,271
0,12
0,515
0,10
0,8
